https://namso-gen.com/


5360581073280515|12|2026|529
5520040701383826|03|2025|561
5520040231836764|09|2024|434
5520040034704367|06|2024|773
5520040678630308|07|2027|384
5520040662668207|01|2025|262
5520040835845518|10|2027|362
5520040884160017|01|2026|875
5520040131611168|11|2024|460
5520040127285373|01|2025|621
5520040624544405|09|2026|112
5520040462051265|06|2026|547
5520040151470602|05|2026|256
5520040765431115|05|2024|433
5520040146178328|05|2027|231
5520040757626458|10|2025|112
5520040437532282|06|2024|026
5520040504030566|08|2024|632
5520040718425800|05|2024|811
5520040164373454|01|2026|287
5520040618040642|08|2027|061
5520040340761556|01|2027|423
5520040078075187|08|2024|501